0.23993598129861265
0.23532497395856447
0.250029726485635
0.22690473259051797
0.24995848869466056
0.23744443134131785
0.22094430723962674
0.2611823549253348
0.2395286921458403
0.26913226927077005
0.2559316609327338
0.25015442223945294
0.25151094433748283
0.24905396435922264
0.2456171886135525
0.25777877462531484
0.2529385779764978
0.22504425026413474
0.2595017151580006
0.22713114401244988
0.2214581161264492
0.24792478565789228
0.25401210469178137
0.2382973036678336
0.2617910248265578
0.29300354781365856
0.2710910179282865
0.31589015354088473
0.2265594719606143
0.24703640155256998
0.22950505152205497
0.2401672067219726
0.25213792650776373
0.27303685605649236
0.2399029586905722
0.25070266887051507
0.2341250281844509
0.2440679886186105
0.2263792727092182
0.2552467972403227
0.21843439055187533
0.2520762947745972
0.23100975148710298
0.21824981273673422
0.2258182941217861
0.24778196270388478
0.22989956510687087
0.24949323361281117
0.2391230949264486
0.2349961786328241
0.25021391654337344
0.2702406353789239
0.25049422215480316
0.2726080181428731
0.29057155755685404
0.25909850919468963
0.22839403451188955
0.27889014959461117
0.2032675383505218
0.2100342078254146
0.21889720227946452
0.21620097294605
0.3109776260265016
0.2469635750234101
0.258338359229103
0.216846101485855
0.23423516668019637
0.2500595418560811
0.23166703711325512
0.25726703471809537
0.26507040598399506
0.22002782271851887
0.2722576050919623
0.27574922113372274
0.2869124891123378
0.24987968991648463
0.27402315844004826
0.25527578075179996
0.24920640202873642
0.24010106576237258
0.27345485972703293
0.22618360265701762
0.26106123830486944
0.25340682816918547
0.24033068614032888
0.276430227432966
0.21724017983519334
0.21858060116249972
0.21238074828482648
0.24618278011814645
0.24274413166936493
0.22232532458068355
0.2608651311791713
0.24260605209848693
0.21662462972353136
0.2653627770493438
0.21601910154583354
0.24483896616596557
0.2470740175508032
0.25712586163567763
0.24892642507270538
0.2290199923700656
0.24244520649880877
0.2471447493464393
0.24300927093205937
0.22041126203895622
0.244248095705265
0.2587751739478892
0.26242190135775545
0.22263408377933766
0.23511599179792922
0.219630252282874
0.2351880084251711
0.25158494544205773
0.23601233569705782
0.21275828665861163
0.24091720896985536
0.24561422886440482
0.22550436612783212
0.25335375417095496
0.2363330299896822
0.25657510207904577
0.28629738694958884
0.2514842283086081
0.2646088046358733
0.23620038544677052
0.2316541187444842
0.23256211568492588
0.2581049299412488
0.2654567814235111
0.23819015239533178
0.27578306565542793
0.27308952601834113
0.26547711978341604
0.25542095597969733
0.25288992706401126
0.24670374847632512
0.2627295174103042
0.23219991469557535
0.2336612611449794
0.23436089725804488
0.2710159475277378
0.2325953096010772
0.20893951222930365
0.2808885496500168
0.2415461106568048
0.23023323876409854
0.28520758826280723
0.2439597552246711
0.24298042632094385
0.25717764046150804
0.2508771280756515
0.24222397594340425
0.22301974454939433
0.2890144682009923
0.23375074716705524
0.2860925196217265
0.25313710451825155
0.23692968805718326
0.2652072479880118
0.25267923313437124
0.24719381054859885
0.26340597344283767
0.23517292089453515
0.27276826610260824
0.19799606985594276
0.22226040503048078
0.2572882675677324
0.24334659858265126
0.24326560199427658
0.20558571355487315
0.24993344842115092
0.23245192462542294
0.2319639598134552
0.25320939687485144
0.2562015908799331
0.2459349493779744
0.22765072690507585
0.23261661311881124
0.24654734852974441
0.25575543546625096
0.23470938691359047
0.20593609061394486
0.2302218665377092
0.20261900669159122
0.22596791307402508
0.2682576878871289
0.24827086234843096
0.3109221758716067
0.2610734385106105
0.22602527911556056
0.2721269963547396
0.25551820110680523
0.22934736541513234
0.24625726278223
0.2703474720529168
0.23462057567291214
0.2619422999479466
0.26271668728186975
0.272649632663159
0.22964449760950484
0.2511186168582596
0.20018345182775354
0.22011732501141676
0.26371221037653536
0.2176270538426878
0.23180802397495334
0.2362769038874095
0.22803763638793695
0.24615397832873637
0.22021255416520757
0.20025731649290468
0.2075402874775357
0.252680545102427
0.219749499043773
0.22718745151226669
0.24405199612698786
0.26802950237608814
0.2325303860501524
0.22867932809543345
0.2596444089876659
0.22249880251207188
0.2077086768222763
0.23442983537600778
0.23039471171631223
0.2870968626554347
0.27190972647785194
0.2482807199127097
0.25130884148479216
0.2804060754063294
0.242961378072837
0.2785121448144818
0.2433364984367919
0.19960249222213583
0.22575698975767305
0.21902439588260805
0.2527291757965811
0.2211292215839663
0.2358631945819405
0.2537000326169495
0.2429115549375062
0.23195502933803228
0.2423238304040236
0.25912942488388896
0.2670419183353202
0.24304474415878655
0.23604868991572828
0.26212668193177135
0.2728390383990774
0.23198454626952542
0.25919689001709123
0.2945520350134274
0.26426851070317203
0.23922212696217185
0.27410099368312096
0.24120228998176504
0.24241448401268362
0.22542052760296283
0.2243472327609548
0.2634770872255151
0.24022697517539074
0.27064793413083443
0.23136131759114925
0.27136230052306287
0.23421768454313907
0.25956992065221
0.26297524049737103
0.21726311141737203
0.26061525195060853
0.23042834294939493
0.2493494231798105
0.2197841609483576
0.2118972684704457
0.23439267986635653
0.2604158099006677
0.2746347620884715
0.2425329800310787
0.21398897605195827
0.24980054916607128
0.30597298853645366
0.22793811509462325
0.2752351354758669
0.25812648380749076
0.26482816372248946
0.20604854818094834
0.24936204082783545
0.23019883845255565
0.2458068223721565
0.23281090204737748
0.2441712736030787
0.26140689419723495
0.2416507721297053
0.23206518110900415
0.2462631177867643
0.27108505430246216
0.22423041836189972
0.25679483269427755
0.23352684393991166
0.2306664368187114
0.26247360003451814
0.2575875584909854
0.24834778269475236
0.21069651770086234
0.2609340001792684
0.2638507303100588
0.23681759002256536
0.2416230228679703
0.20784819046159944
0.24041973100799235
0.2662522549738945
0.21077452760629412
0.2568455465924811
0.2515580600534642
0.23907248079172844
0.21978162535802998
0.2352416469834328
0.2665953475159005
0.23794569443416985
0.2465356224211929
0.2131312235709748
0.2810550213546856
0.24227657251404114
0.2435607949687844
0.24216076676043422
0.2682558878208804
0.2453245135882274
0.22842289726369508
0.23709013538245288
0.2492470162767575
0.27301522578694537
0.23034428767032203
0.2761950857522083
0.23651169527300936
0.2638716916275393
0.2593301457045713
0.2874101972737724
0.21970714015679527
0.2582332545781681
0.24894074919805165
0.25003458208886725
0.23212194774401146
0.2463826719039217
0.23649491828034044
0.2012664205399372
0.2232958508979768
0.22209871858276373
0.2267427187404851
0.2702652054828001
0.27357099143825764
0.25349931744466936
0.2255180378821586
0.2157584917542625
0.23842085063867616
0.24536971702049604
0.24387490564928588
0.24946111594266845
0.22562620258089336
0.23259316668125643
0.22995624438818268
0.28354947445671197
0.19330589375602003
0.27251895407193055
0.22645940708050885
0.2021960185546461
0.23614788999907502
0.26175707601724973
0.23189497552878563
0.22856139882709164
0.24059662375126706
0.24527875116333928
0.2120154395750773
0.2571318577737417
0.2445646996637341
0.2520448827264455
0.2357473461853765
0.21722763284844515
0.2617664784163203
0.2589145368040687
0.24282984495762644
0.2467205240809149
0.2243660065421227
0.2505481447367614
0.23672748826226112
0.1929355805418626
0.25410153151072234
0.22545737608125926
0.2322712403967264
0.22502590235703535
0.2575926267774732
0.2713631971907448
0.232618114673443
0.21040797762344765
0.23458660253938962
0.264283353057543
0.21147321817305248
0.23019753039781835
0.24201789187824393
0.24410159250180755
0.22516729636304006
0.22056610557371367
0.23778139084080877
0.26292799198093614
0.2133526916255874
0.25536219886515643
0.24277590470699034
0.24529918069812756
0.22742606691599998
0.2325377596378152
0.2663662028323509
0.24442885634261735
0.20234892714926692
0.2409624014134198
0.22683305516914132
0.23757456338454505
0.249290663032248
0.26194048841591405
0.2022359752296844
0.23660200845733304
0.2694180603570822
0.23124234648005831
0.2778753323046844
0.23042594883702713
0.25560489025371685
0.2227011509648473
0.1918453590791741
0.24031134997554104
0.2576777223437234
0.23807893702455188
0.2594475973616275
0.24792983757187448
0.26997302942817514
0.23678620796368316
0.2549906454299974
0.237268992874372
0.24675864539630793
0.1929468202194582
0.21855211890163326
0.22738328964218224
0.25349170734330023
0.2767035679245513
0.21584919615747286
0.23448151476894802
0.23568798449312553
0.2539457196667061
0.2450231384718347
0.24357241626302756
0.2648887292894023
0.25129238550073313
0.2270369193238813
0.22261945909893482
0.2499007745648411
0.24832649691078806
0.23954369544517584
0.2500681499108181
0.24966507644650363
0.26334025145144974
0.21927720264492612
0.24454878184304926
0.24027448542409366
0.2620826386772669
0.2819322079672689
0.2764859586193656
0.2375014730559075
0.253501036528498
0.19384290769936638
0.25229719350241137
0.25758109450842764
0.25477303529029566
0.26730029322459953
0.2460467462614099
0.239977182391002
0.24709405179726515
0.24853010902553177
0.2535153597740207
0.23996760992406876
0.26022195432788925
0.23599559028314032
0.2634529847323122
0.2623739989001207
0.22509113910686745
0.22486086623367008
0.2602404622325363
0.24786538458067436
0.23687279889228172
0.2236913151445509
0.2205588604496113
0.24880475670657354
0.23838243392136463
0.2500128117596251
0.2399501757992081
0.21613460634136675
0.25436793888181736
0.2433926293493769
0.24721970901680615
0.22571556050187666
0.23546160342012468
0.2511355421531419
0.27680096349882205
0.2501555505031898
0.24187467194554574
