0.0500811785675251
0.0643340781240235
0.07333923743589658
0.10618918664188871
0.05890103199650123
0.13630380131009476
0.10735541494391959
0.07009383317803836
0.0922633116490903
0.0018078221761727877
0.20044743386101285
0.060952430402709486
0.0058731685686097684
0.08244038913017014
0.10793523570526155
0.08447177194265715
0.030717152149877167
0.07598731490028221
0.05543987779038117
0.0827066948161388
0.1312281569681821
0.07483311371332903
0.08325881102545402
0.07626531153645043
0.07535769520784721
0.04780978968388518
0.10025227659309476
0.0019664198693474496
0.1703632421358708
0.10011151233113084
0.07787139281206241
0.0813019315594607
0.1322631805528026
0.10410791446390648
0.06798391418390826
0.16120611628734857
0.11667128346612055
0.04896021980123612
0.10485162840365209
0.11069337849585319
0.08726566690044733
0.11270733773464023
0.10085486774252063
0.11549860459627485
0.09452857519009299
0.08092053442888704
0.13834826961925775
0.12437719572591513
0.15783432729580793
0.07373299755263311
0.06680916038194668
0.06154579855283655
0.09759750629193659
0.11563306257326733
0.11116126057869728
0.08867027045331156
0.09246312241493962
0.09738937150547587
0.126016103132919
0.09116703995196165
0.05890236692763702
0.052814778781929736
0.03994481728817585
0.15037210680443594
0.13146919504463014
0.0753774348036297
0.11401847545928499
0.16696688744371213
0.07742115925583448
0.13026412182658217
0.23616613714973234
0.1674937294896311
0.057877313117608076
0.06267171514465217
0.055415540570263155
0.06818933368774983
0.05686367947131012
0.12225330062808845
0.09694094686016377
0.10878380906325245
0.08367169125032978
0.0791346392555204
0.1297819228217296
0.052983708503628685
0.05782232160975768
0.07435200930469517
0.07486622444961645
0.022809750327669097
0.08030109640929955
0.07646780926522978
0.05216635579355062
0.06439602239320746
0.11906371399558065
0.0880103480198889
0.07078127902278449
0.13621157216958157
0.13907282989255176
0.13818954981397658
0.07286285302527537
0.10840538807292935
0.07823183608200321
0.11677578248402258
0.11324262111167335
0.1183575167417352
0.0931888029994553
0.05682470610936369
0.04618672090810982
0.09844263025302138
0.06771455688900181
0.09198709593097562
0.08556733298718457
0.04939701807516923
0.04268351845611438
0.09281163877743427
0.07338079648019866
0.10168858025842092
0.06751192815999578
0.03386073612149095
0.0803533814323929
0.20627903035078318
0.09684272643510822
0.07688593860814859
0.04019607842537924
0.16540869090582994
0.1139793139618595
0.044769349270854006
0.07031869947407624
0.08426382931094993
0.1197286348134702
0.06251690673541939
0.07930262223633772
0.05826794448932283
0.08627194837151818
0.10513905692448508
0.11711773914871713
0.07267654655337283
0.08090597388542822
0.06406859609277799
0.08802866385701066
0.13407296596322732
0.08262642602875017
0.11322304274388724
0.07723478145253329
0.055780427974096984
0.05689743123392188
0.18383513186474593
0.0460227703279037
0.028410889773521863
0.04186444142032691
0.06401625015703663
0.11582137778348696
0.04521499175546657
0.11317593001686815
0.11897002324144403
0.11611119679967605
0.044513931586766434
0.050816366620787624
0.09784164771561554
0.12173280486905864
0.1495641147050085
0.04659509433111516
0.0534694080722274
0.11518948977079714
0.11785164112657451
0.03626097386167015
0.07559366450940243
0.09377370241808762
0.08893489769679709
0.08898125868841572
0.11176166474988872
0.03633950290673337
0.057563993225544084
0.1324166859729067
0.05903659456009828
0.08883958622968764
0.13152980613227763
0.13620301293310105
0.06900621600872742
0.06849383589416455
0.1613513894268673
0.13233550397988317
0.09724172117198494
0.0790386805219878
0.07678940485745327
0.017801113352419358
0.11798351494993244
0.1290672204751606
0.1350540137068593
0.02053166749928906
0.025311117357674977
0.15523381115226925
0.11095060638838616
0.07928660987181735
0.1464572014157311
0.08638478746498916
0.1092925215053381
0.09558112348894007
0.08075837750882259
0.11722797295461893
0.09627026678469526
0.1148921792712951
0.04638439517247697
-0.003318717421267055
0.0682213468003759
0.1474732723134254
0.10925503777598113
0.11081687381660499
0.09731364760026749
0.07383324423998588
0.14897380476880606
0.12214433728952372
0.062489353673999284
0.07485024562118878
0.09226827863643514
0.1210428454106663
0.09943991356760787
0.09342157424678993
0.055293825120869895
0.08680916066535306
0.12495190005920871
0.08793861759698778
0.11763304414589627
0.09474749179209248
0.04548095259026248
0.10738290892800303
0.06987345122412046
0.10249440786527035
0.1760386658806095
0.10267751848241492
0.0668753248027746
0.07424346260545488
0.10593252035066739
0.07698456703435946
0.07399912988807314
0.09149102478380297
0.1340085760914352
0.03977055368974144
0.11622124915700495
0.07560981079379946
0.11102970990643295
0.009532648109686554
0.06043216717973522
0.04801850319060364
0.09681639971464413
0.13885996542815698
0.15674486461613443
0.08115560076173257
0.02185993664010964
0.14050445659139996
0.07314659265334715
0.10840579327458695
0.024479813286651886
0.06568819094738557
0.13747564400377527
0.06567002449410572
0.049535439840025626
0.032920131951518446
0.048973536998112764
0.035583779232660574
0.060900464435876454
0.06618823033981165
0.1015742638533425
0.10050090508183615
0.08076082102744031
0.037963703898810326
0.026779676916533022
0.09646471297989907
0.11433361926997493
0.11236507569663022
0.11388255967557949
0.08474433300546984
0.11919476670342678
0.014910596477082991
0.06057770339320242
0.10929463732575026
0.0704162732864298
0.15969117051665666
0.06803976182766368
0.10904979082766587
0.006168726041659206
0.02037082551982448
0.0480326087378391
0.03588034372471034
0.10627193531179635
0.05130914284857623
0.1700448281061569
0.08344102753096289
0.10992091677816707
0.09633550042200414
0.13165620742559297
0.1343798973594026
0.17674109265491997
0.10435457125906214
0.08422178985806933
0.13938903255704532
0.08377445425872722
0.10962833063462415
0.09323407615661951
0.04509989450054372
0.14401843632840225
0.09682213016928824
0.08400369010641207
0.01890729225194225
0.1393827446688053
0.09200214500322225
0.053425763124262136
0.09393013693522013
0.12392177474246467
0.08338155669830616
0.13933744355078778
0.05328024243772314
0.07154011985033469
0.1315675626741865
0.07654776001445567
0.09683133666372123
0.04927860908876482
0.10143654769089513
0.05946622578013769
0.10327463533683931
0.07780411416815902
0.10365931638713419
0.01823436059427163
0.11433894689270448
0.06133707471682412
0.09089969256751174
0.021221462398146197
0.12792802275680284
0.08492986003068169
0.10613223077210689
0.07516167417073157
0.10851076303176191
0.07505568002522782
0.08207026312493475
0.1295771944079259
0.055505901405359465
0.10349710479521501
0.0819738714142338
0.08286410065412862
0.08814995931812152
0.06648780502450098
0.12263753153013095
0.11289173733578176
0.07827442766938607
0.04849275854905618
0.09737714428232559
0.13049181452680406
0.15203347526127994
0.12028549040622921
0.12808334359385534
0.1410314494310785
0.10700029255495119
0.12382801062572252
0.07721946400718208
0.10370477589197212
0.05822208298758938
0.06942438457626242
0.10151995814526811
0.016886531488361722
0.04521623504608632
0.10497440764643762
0.06795345946335246
0.04789166236211632
0.07590382766448821
0.07332869087943503
0.03912352479269209
0.12436901950399476
0.07997908237738686
0.12117848385885525
0.08013527228728705
0.18316026473765415
0.08865921840767722
0.09879706368581632
0.09962905244096039
0.09296262668803623
0.09168418602407603
0.04107270404711722
0.11288212932464473
0.06868661754359316
0.10455562723039051
0.06317690017382607
0.08446242996582234
0.06593548935652324
0.1161143018493078
0.04699113789998311
0.08421985933346807
0.12562648895288836
0.11481948493234771
0.09848520608912581
0.11858837373231526
0.05038857664783924
0.08325520578913273
0.04472308894637047
0.010999479938482099
0.11431160830708813
0.0551068181628286
0.10665726675297661
0.010542452716504565
0.1452900435167688
0.10176538622894003
0.0899932273901074
0.041905603399002594
0.1071789815917834
0.09537265937618242
0.118098777014435
0.09694792931814498
0.09311167802759009
0.06861823544893234
0.1444558218482232
0.10127393666135205
0.03781393879094929
0.023963810715379757
0.07520887014775852
0.10288466568695938
0.07534582882690803
0.08994024860144104
0.11671943488371386
0.0676842761446244
0.07289741584290824
0.0952961233060774
0.02426425422562767
0.1367618961972748
0.13805176119978543
0.14516591983693616
0.09471463938122512
0.08168229366365694
0.0483718117114201
0.1083071680484891
0.17414597600591328
0.002901428124527235
0.12981099435311316
0.083944188532083
0.05617702514617556
0.08876098400309836
0.01144505915649664
0.09481308103837575
0.06376307701779715
0.10127121837019637
0.09735247550033393
0.17692030231566683
0.09718131291280607
0.04016394420019543
0.13479566211195546
0.04061943802100608
0.11147352624929095
0.08799412460967342
0.09865652885159272
0.10180140474951113
0.08126643736886215
0.10690685583497754
0.08749055834085098
0.029366688693890097
0.09081973908620063
0.15470370066090774
0.04907567615910148
0.06459387555633463
0.06207690314132092
0.0820296392975291
0.05730646257589358
0.0769141096258149
0.18489270046101905
0.08973804688268223
0.05135273943562559
0.022131741864208056
0.07146755345794185
0.07238125120943176
0.05828490568064765
0.1417342700561315
0.013391057729768206
0.10630419750461992
0.113229421869657
0.06951269760357094
0.10737118244857799
0.10579540796747598
0.10135069015154093
0.06031218747181765
0.09033023389792871
0.07588674490484003
0.08529600452347359
0.03002578878333408
0.06399745461997813
0.10207478913524252
0.21083120099521904
0.07970116606369197
0.05320513524958344
0.08767022870493037
0.09179826286531019
0.12912551469917258
0.0304626936274233
0.09376803734080699
0.08641045707775966
0.07052639136003704
0.0727166659874745
0.05426442405290952
0.0770854649019719
0.1106092107093785
0.07069440748522669
0.050428661658380516
0.12977459992582444
0.08630897651189692
0.10159139830176867
