0.3347446113031443
0.3320237102334089
0.2645909200495516
0.3221535467261275
0.267994033365885
0.30206904713394067
0.3163468767404998
0.25964356457703813
0.371539307016507
0.27901677750443865
0.2656211732681522
0.3653201266395607
0.4293710880639633
0.33688484912235145
0.26768579653694585
0.32026130862540897
0.2783163483963628
0.32859002303613877
0.32423997217124
0.2621372934850563
0.3041770202650863
0.27039208218235344
0.31227355327694556
0.30554839727614985
0.31983613018551144
0.2780907216713988
0.35190024764076405
0.3265638010118776
0.2732530333324511
0.26586104805187255
0.3410509044728687
0.2728567904902647
0.3508196621506101
0.3295640511436435
0.33114487088244693
0.2951434126005151
0.2992060691254218
0.32478976925106096
0.34540341046893214
0.33390651970830926
0.2671623059509258
0.30957534991551616
0.301237558815614
0.29115145577255663
0.32932819310937916
0.2838923092586262
0.41226263592194684
0.32221489096359573
0.3012069530679859
0.283653639910038
0.36020786863593907
0.32147455008000686
0.31250408080868647
0.5861343100381448
0.32991493294268825
0.3490189475789578
0.3478142672507549
0.32183257938790827
0.4216502737491034
0.276705654959164
0.3642978785946591
0.39727655321153277
0.361017652219215
0.26881824284993955
0.36778725480709834
0.26224700654600747
0.31280141547123214
0.2822117335063187
0.3472681919304309
0.2698067994481434
0.30436772473052576
0.4363270207605033
0.27660456005723816
0.38435353798186833
0.3148992171748011
0.30488507625184996
0.38110070388331635
0.32331442952748585
0.3206931213472578
0.2664711982776553
0.28205048354093576
0.3050307189925028
0.32902109649922606
0.3582567063389388
0.2801205698275872
0.3136445676330066
0.3728899741056751
0.3261032385293911
0.29297025985747344
0.4122709300232948
0.36130225150967904
0.2740816976173097
0.3397675709857941
0.2996643091372705
0.33381473787085825
0.29245963787934764
0.26196970499709366
0.290883050688556
0.28352669946056286
0.42371887213303566
0.33808823376719904
0.48833584440236655
0.26513441072336175
0.2704240814861578
0.2789354118515415
0.35796302177710415
0.2683829309116312
0.3015096552056654
0.33692108831855977
0.328010007238768
0.3577315050243601
0.4284763517809104
0.4278534303788033
0.2672938155162666
0.4798594912564153
0.4099493347077742
0.33949967488717675
0.3399239306823058
0.3494142423142019
0.512435535985427
0.2598643244343886
0.41659787626870093
0.32881259008416025
0.3000871288728234
0.2852160680344307
0.3327211727236623
0.4763879292968508
0.3730569549854615
0.29899754571528764
0.3657330237936515
0.3416201296715287
0.4038777476979401
0.32723193681444707
0.3840749894587558
0.26743692198698327
0.35910521009425855
0.27248828737410385
0.3209684030409336
0.350677026424342
0.2643682680084389
0.32550904477797715
0.48624717126392847
0.4224022380923407
0.33162419914983243
0.26767702269446847
0.34626407510085444
0.2791715225869392
0.31967235000259686
0.3559795112016425
0.26746086902431165
0.308080243917735
0.3644451482064341
0.367088443461886
0.41556310156794496
0.26540098008502544
0.5452897378077853
0.3676121064713258
0.3652240089978433
0.31916726965130227
0.27467369151062926
0.2646598795617724
0.3032068957654094
0.37609946926331234
0.2734388695127713
0.28368605027753996
0.45320235565993156
0.2635391867108268
0.2652110374537364
0.4107901722257397
0.3346392125502986
0.3785965078481631
0.3075477333209757
0.42706845353239303
0.2908343737138478
0.2668371088353407
0.2838725299752192
0.2798199802389917
0.3077706885211407
0.337478022320496
0.39526705501547593
0.2612033837837522
0.2701668467561239
0.2604111700742295
0.2770714831340788
0.3766515023825135
0.27092860578726746
0.6183439343856143
0.343413364597539
0.32035168164057715
0.3364764956281073
0.4703879141827377
0.3458206843506626
0.2659544148055139
0.354982567846228
0.2963298491029905
0.288294028934831
0.2934793235624145
0.28135964253123696
0.28442212141496676
0.29372889701449956
0.26916704078022136
0.27966603162624254
0.33170937216532376
0.2778578264315335
0.33304919706969427
0.32188998602485874
0.3357131695638274
0.40605280021133794
0.39007035016002356
0.3745596862412502
0.26382638398973945
0.27299368705844684
0.2750411792632203
0.3315771346269245
0.32620799261072136
0.31448634691685357
0.3376075834129458
0.33338485754853286
0.3651250671842053
0.41954971264203766
0.2640246511071244
0.5086799608104738
0.26567759635145577
0.2945238006337431
0.3105745187587504
0.33972395501157804
0.3382785874678111
0.2662190987235119
0.27735891177560423
0.33129242544655496
0.3176869276001276
0.26506324506872214
0.33963471292328523
0.2676362993453009
0.3706907011877936
0.3792263583053952
0.389914067666639
0.3414475320755924
0.29165179742769326
0.36364636130527
0.2768521596068717
0.31129297953032586
0.29239692993843536
0.26363626870886175
0.334348074489104
0.47509473938838914
0.2705208919224404
0.27536476780981445
0.2959139126874099
0.38085539963596726
0.3652102563283148
0.4254835704782008
0.3609948251824765
0.3050322102175615
0.3564990256033544
0.2718929078646638
0.29630624068978717
0.30828525186224265
0.4194837487234793
0.2874809780336866
0.2682871193777702
0.4839411027031249
0.2595778131012579
0.38024472291599476
0.2728349112652655
0.32584470006716615
0.3675008022114625
0.3456567918547376
0.34756618816750956
0.38330964756006525
0.3593966652056668
0.428143193222509
0.34091984628750815
0.28251360022536204
0.324542495556151
0.2959358901518032
0.3343130514077879
0.5248933588918271
0.2765175335656387
0.3010030958649959
0.3414335942137091
0.49411548285917134
0.28418783832779076
0.32184164368270024
0.26357980362333583
0.3303146861668255
0.40165302984535817
0.2650316206306166
0.26001936245845786
0.3034780445785366
0.35626373408806
0.3974995167247217
0.32168718122925294
0.27175273599945077
0.318242881267791
0.2605677435399822
0.28871377266280174
0.3886893816425368
0.4343190690153753
0.3561656787462921
0.285238761656139
0.2770895482060504
0.3026679676460053
0.3951585937423288
0.30073807223397825
0.2923469722042148
0.2708297131138805
0.324562624357515
0.27774164383584904
0.3344628927459564
0.27303421713724896
0.36466810290446455
0.3202387147380357
0.3770250669795789
0.32848184264854663
0.3097691323689565
0.3094014751703314
0.4737081239848492
0.4050525650179278
0.308447783695148
0.3356794425119916
0.35100045092343557
0.3218191962448278
0.32507171725643713
0.3337855754549591
0.2913574872712464
0.2993622706895617
0.2804317204756593
0.289655841002067
0.4285903720621575
0.26176970406235484
0.2777633850781506
0.2889285764655914
0.2714734755759254
0.3170139923556646
0.2661136014982225
0.2788115028839981
0.2701141861857754
0.31113326818269665
0.29252531895502387
0.3356606863478357
0.3211534630806622
0.27390218720655274
0.2708087791795679
0.39684312457508625
0.27979803918210633
0.28387554089624945
0.3458360974586433
0.4495227252204395
0.3835495424571555
0.29412205975530725
0.34296657263652797
0.2821666440566786
0.2919749229397404
0.27443289796239334
0.3605996873114394
0.26094700373973084
0.3149263600351115
0.3577406519958198
0.3034067555342928
0.27174675539370297
0.32135207033494995
0.34244298538018475
0.3330551070248311
0.2861092315791813
0.26888725717733675
0.41438118450343303
0.27239602063766133
0.37987129209492015
0.309305754412764
0.29839405765239624
0.26705285061758016
0.5333601064427971
0.29591444743871886
0.27005079709914903
0.39634177401632587
0.26715115170168086
0.26791815322232126
0.2841665377545401
0.32478530987599424
0.3181500295540119
0.45316700968013657
0.3043165930105134
0.3388694650654171
0.2636099379747914
0.3652787558828318
0.2604070330151387
0.44208491411188755
0.28254273457193746
0.275187126442877
0.301436620491695
0.3864248283307163
0.3071268355587978
0.3135376188754818
0.3406393051833474
0.3460239131278509
0.26475429249114857
0.39122799932394087
0.42507752212392597
0.3324726933651717
0.33040931221638264
0.3259279326686791
0.3442108532330926
0.2733060323286504
0.3837969100732617
0.320694511590942
0.2629467373074485
0.3972545838339822
0.29190063115722004
0.32282970739406075
0.33391278359299953
0.28404690420254924
0.33464065335023907
0.2740635534175167
0.439174239079791
0.32467509086296126
0.30908721483949064
0.31795786337529025
0.31547427911959847
0.48310695234205164
0.31045883904677013
0.3696233200538821
0.2724154947842356
0.39947581860833703
0.4038206085896184
0.30041770627744385
0.2621771479908067
0.27740373768366483
0.27579605447226807
0.3221240925762445
0.2816081554488627
0.30102933841940543
0.32924611384957797
0.41171956025774387
0.2889825206854859
0.4056683673236159
0.37008726808769093
0.31671749251987674
0.29902586524840935
0.26817420194112584
0.37576882920440025
0.3247423529189238
0.4062923629552235
0.30256020080419443
0.30290960885741
0.4588935429483878
0.48552123548569376
0.34359894054760104
0.30169998378489876
0.42029580600760236
0.27632745420421334
0.29935833442483667
0.39532961087018564
0.32954144412538383
0.28892835619019397
0.31113030568832173
0.27064660149687697
0.4542579498721279
0.34642720642662284
0.3461263946069515
0.2868634669033112
0.267532495314982
0.47025004830592804
0.27837802794662087
0.36242288690322844
0.32386067841611316
0.2796442373469827
0.33893807580500734
0.3434095097282865
0.5121118981392384
0.38448437191774454
0.26330114187488957
0.28104485194715123
0.30723081020538895
0.4386534129589397
0.39576380391688876
0.2588877986176834
0.2658642138577102
0.26346582947080915
0.3346380973157379
0.40904194514844794
0.3112815174146105
0.37651090310451557
0.2595613183989504
0.2812478603673643
0.3214174372583403
0.26874371344464143
0.3340124514157611
0.28491130699924777
0.25883308555396045
0.33117295937727875
0.28961727497204703
0.3099934195664
0.30302216695398276
0.3506053127838436
0.32542543151050835
0.3010813433396002
0.29024773162148565
0.4029537727399512
0.3279922451554913
