0.2044387721088763
0.21212400899274364
0.10827937789509838
0.30281644003140085
0.18383340712403404
0.23303084984402855
0.13305233351266124
0.13604689448205037
0.2986119455674827
0.3013550358006855
0.27318450109857484
0.2385307995824056
0.2818040763608064
0.1734962707231199
0.155417497253437
0.3202792156912096
0.19696834241679767
0.13875622741834368
0.21117787900888424
0.16721763398223197
0.12564609709619762
0.17230925616952952
0.21458299219389984
0.281567018912423
0.20596274568625775
0.0246384480488364
0.030031576063589638
0.12771054251660954
0.10001898842276641
0.13714394284450163
0.11978228910520014
0.19017892421479926
0.17135095489173033
0.27656062751058386
0.1888261571615469
0.19677094568116876
0.23430534935689157
0.1575810550011097
0.14177291317044474
0.23893377472340754
0.27364303262041645
0.13558577354749957
0.26467183825738344
0.10465960327161156
0.17586121243014258
0.2615872927741669
0.3228945330806007
0.25677085187244264
0.3179317192469945
0.126864508532231
0.26227553022924827
0.2526653426184772
0.13536774185651523
0.1028852740526154
0.0802698287506193
0.1400670445679513
0.19403023707399375
0.30645522287526494
0.1409949458205896
0.23086161597028917
0.2576518744851686
0.1881198789665995
0.28478788964547785
0.17517246520386764
0.06467110815378033
0.31529042591302636
0.2345282893633493
0.22081682769923866
0.08533041816666738
0.27679677575410977
0.1416365259341702
0.2761346851558384
0.21191591896505096
0.23822680385725936
0.27566157004700065
0.2163571135476907
0.28602457922811536
0.10565658489987553
0.20387158050390586
0.30026038034608016
0.2663116640637744
0.1587817006608313
0.26218564991738713
0.0302095940871063
0.23972944134106716
0.30248151758276487
0.12740299477632436
0.31461271701218757
0.1743980146561888
0.28957076724255326
0.3061672537964488
0.2938386423256434
0.18248516341335175
0.26754457464833126
0.20447603494700123
0.28673151667507674
0.297556474351383
0.19880714600878363
0.2417153240369841
0.23260920617810318
0.16155848172548476
0.21898143181013643
0.2662739753804315
0.21247248268153965
0.24176341369149779
0.14580309312367604
0.25732352074548503
0.19324682852604605
0.23674477250685924
0.012174655514994102
0.20540192346577607
0.2818365698605832
0.23330258811043597
0.1805861677641646
0.17750149714124835
0.1630822897830817
0.28862908071022525
0.13668716110269305
0.1061428537506688
0.30024585673765
0.1982243491309964
0.11619687561301431
0.2293749823622743
0.2198337878891094
0.027058018665691137
0.2551889547598421
0.2825390623089486
0.30217557685842283
0.18801639054933295
0.1738892480697646
0.0915049034162423
0.11340476033714723
0.2386407964315887
0.17295717156394833
0.1639957943632131
0.135445253594926
0.3070516200024688
0.17426652922361086
0.12719018823042125
0.33041110603664114
0.13417372148681783
0.29015295653083023
0.24509058713067164
0.1850914488211656
0.29448673675332715
0.13822697391757707
0.17399255279497033
0.25659721635712457
0.27983179038435524
0.2612806225899676
0.24935940123697456
0.2281114575585398
0.10176306678635622
0.21739778731958442
0.1765542417499518
0.26199946877951863
0.22481306386372454
0.21192898560718873
0.3366522377019466
0.27364418697030585
0.08350958740633539
0.09510072815512326
0.18615608960744112
0.31723300023243883
0.28670861483946264
0.24256159090536505
0.28869396432805117
0.23580238558969369
0.20555033435213713
0.203042850928865
0.19184279193372744
0.15003499398903747
0.05582507172621515
0.1658857214073685
0.05367336774754381
0.22199992634929633
0.25913522381609344
0.2077492352345939
0.3074136757885916
0.26115633084886486
0.14476683121192474
0.1910430594482006
0.21783620317544633
0.28490123107187754
0.14011342250952002
0.16855294510186866
0.1586936797305914
0.09826541801263963
0.28293294121379853
0.3072247719030224
0.205553444383492
0.2881599625812099
0.28864261326036433
0.24783465306060481
0.20947805256417806
0.18531912157337693
0.2262721917259774
0.21224072786082776
0.2197741916397917
0.21760673579748993
0.2517236581243762
0.29306977214838575
0.30528949004062855
0.257735908808244
0.16579626182439983
0.30280078529960086
0.14330073982073666
0.20298226540186698
0.2941022757981642
0.2048207553584118
0.19453035446839442
0.15278327122362476
0.2866343433956768
0.09802922271976786
0.06507332263835353
0.2884234554096519
0.18814999742896432
0.3390843325286567
0.15956098424470333
0.1013207250272368
0.25481847843828953
0.12339780913017098
0.17323088175438772
0.21423281284701484
0.18554972426480768
0.18400146044285592
0.30321836260190727
0.185793346369785
0.2840336115601658
0.18233572098142906
0.19757592728791923
0.18990657082391638
0.19132921441499917
0.3155846037832716
0.15121035190372326
0.1464179353058096
0.2056465577660642
0.2340599237010442
0.1278407914912289
0.1962557800845524
0.1978919444251772
0.19715049430010506
0.19093283452325538
0.20428205208837516
0.1966970481182633
0.21391356291921956
0.20389024125943797
0.1394584976032585
0.16969473372869842
0.16126047985243666
0.1072356443236337
0.22043687166559156
0.2314038997695666
0.17564508165407944
0.17689648918400536
0.15967337695124922
0.17614801019827925
0.1640338633496783
0.14306462880796597
0.19557031775572276
0.3049137597887143
0.23033824239841882
0.1666835294432423
0.20818979547599634
0.2698835903829361
0.22911171638604783
0.2677522340770214
0.15323878310018155
0.13748760694120785
0.1775039135475736
0.27036080977962507
0.09129735145559223
0.2143106069988577
0.20290984486046637
0.1910903488670078
0.17501251851128224
0.14365309968179668
0.17148075344247377
0.16569462663409598
0.2315583835343928
0.0792112978897252
0.3098555017780439
0.17821970189168454
0.16544777470797478
0.28796296849991854
0.2756666855404978
0.16764449698250744
0.28232006088088285
0.29126575269461324
0.28820453286554504
0.2603210326676036
0.2432987300169619
0.20661951563960496
0.1280543448836596
0.1816132815135757
0.2837439322428374
0.20214239639942386
0.30850384763944794
0.2506103684828008
0.27909405646872315
0.21162851934962004
0.10781853706103368
0.17505224038823286
0.21513016877887842
0.24727813113607602
0.24646531351037718
0.1740702422962517
0.2462306054950525
0.2551125718148731
0.2272165749816096
0.16272535645489666
0.09669275797867587
0.2636744210774484
0.295744606275338
0.21322778807949905
0.20625139586796976
0.2445908297675683
0.23213119192398252
0.3226698129103797
0.2992635953287144
0.27059396192206614
0.1370961759785537
0.1578186208396494
0.27250179649250283
0.2882483679119863
0.1293617429428965
0.2043573341303589
0.3125690326000128
0.3311229919390043
0.2050364009160474
0.1562846706988269
0.16244049689978365
0.19669661668643687
0.2205642918982097
0.13406704290651217
0.16121621104597714
0.16370568749914094
0.17363247683769129
0.2038115533960596
0.14349572840276548
0.1920364427244381
0.2522969054566106
0.162108280988828
0.2737311717217544
0.21836358501515266
0.13048199955082898
0.24891102152101816
0.2140233941166217
0.14229549505795952
0.18102695012278697
0.18887378318138562
0.17774189478286373
0.2798237693648382
0.14871976098149903
0.194859437827193
0.1498426835579471
0.23901370271050382
0.2443830703839764
0.28461998266134664
0.09400000833477626
0.2572898374862771
0.290581036385763
0.17816603775887863
0.24131311171827335
0.22496581202755933
0.12362086712994313
0.3236335331434545
0.15596909855489843
0.18574637450268458
0.28489179831186584
0.21681828025616512
0.2924429417489839
0.20823876284841616
0.232576149125734
0.2727119303978818
0.2973208682368046
0.2584296585844162
0.24485574690567075
0.2530154397420407
0.23485267742773014
0.24710734861253303
0.21241220215554577
0.08276408435288746
0.24634383408679328
0.1425391801884934
0.12011872465020687
0.16118361772055442
0.21975871662171556
0.14838196122736944
0.12846144424248704
0.23312588460132916
0.3097571998798073
0.28781465327931344
0.1722185795625469
0.200903859668726
0.14874402515948879
0.11603693245129287
0.15699232535764698
0.2265216825532328
0.10571822606776998
0.24373595630473602
0.12937314763227709
0.12924916706586737
0.14900311331672805
0.21626316884451746
0.12030385721133388
0.17162242009627632
0.17791659513852454
0.14399737744031255
0.20401860539393196
0.20830813096701303
0.19374879198850448
0.16076514561530994
0.30636730196681916
0.2015500309504121
0.2901248883807628
0.24958526973389736
0.2208480988832375
0.24424125769291258
0.27919375316829764
0.322809383715233
0.27304232529637507
0.20371456610364877
0.18134711381215995
0.2417587198638005
0.3201660127130679
0.17977106495375725
0.18924803723140776
0.07045894273254209
0.30443190132415976
0.2385399623263384
0.08725395791943241
0.1533140943912355
0.06633314177140319
0.17788604999656665
0.22008882230548957
0.16921413117840695
0.11106680145810939
0.18373407382709983
0.167249120478658
0.24312889255835574
0.2879456950554053
0.18786302918012227
0.20492398159729108
0.14855845267096213
0.23303032507292468
0.11093447582610877
0.14125404057757435
0.18951604718877896
0.19226070323153271
0.18063989790073848
0.23728627338862798
0.15596303733477507
0.2729451340973323
0.2260267398382708
0.1388993051566783
0.19946745913349329
0.1079147552015862
0.20060355732600832
-0.003504305607836919
0.3184851309367043
0.16904041606111564
0.13686270216021043
0.1945430152957835
0.2509306428994216
0.22300647353872788
0.27119367107401166
0.2954342482852928
0.17916815684341036
0.19727436050642416
0.2750741735362282
0.1733022764451945
0.19930951419279347
0.17178929160713852
0.22227709904885817
0.11240431644418497
0.15477517912596217
0.1300597703281964
0.11679868365913051
0.29574200343134865
0.24769951565251777
0.28859413048762683
0.2108971115434343
0.19168683087755375
0.2103388709901206
0.21875099084347566
0.28397950837376207
0.15480733917504808
0.13764730470957734
0.15776964982946753
0.20676042184142226
0.18855172198209746
0.13409973020517107
0.079011776058274
0.23175264709290308
0.1929985590601026
0.19208918757804958
0.27323507158213606
0.20667787854599767
0.18540783459929602
